random series
2000, 348.68764877319336, 23.0001525758851
4000, 1411.7607116699219, 83.00623866165328
6000, 3013.9758110046387, 155.17043903719875
8000, 5679.793119430542, 246.4229601198419
10000, 8900.09732246399, 83.41629163884525

rising series
2000, 213.48304748535156, 22.964468198235526
4000, 785.7340335845947, 17.643304061879004
6000, 1772.5995063781738, 59.343482646983745
8000, 3087.342596054077, 109.59575823736824
10000, 4834.675931930542, 102.74495821779824

falling series
2000, 447.3691940307617, 59.90428645348389
4000, 1731.8840503692627, 75.10126380432406
6000, 3942.6140785217285, 179.28621805455273
8000, 7468.491315841675, 301.3918743280021
10000, 11580.03945350647, 337.85352206609366

const series
2000, 211.38849258422852, 3.2164043012822856
4000, 859.2517852783203, 19.365878063770293
6000, 1937.1610641479492, 62.0553610059013
8000, 3329.399871826172, 135.38861452898877
10000, 4798.000812530518, 67.94106427941776

