random series
2000, 123.74072074890137, 5.459095787961856
4000, 506.09307289123535, 20.725928884789987
6000, 1143.7717914581299, 11.187231155221486
8000, 2044.6855068206787, 25.61969238012723
10000, 3189.6775245666504, 11.653275633791768

rising series
2000, 0.4024028778076172, 0.5510296034187091
4000, 0.737762451171875, 0.4697250092256373
6000, 1.0693073272705078, 0.3874916614771556
8000, 1.3809680938720703, 0.7568430102610528
10000, 1.6941547393798828, 0.5092106928950668

falling series
2000, 258.43186378479004, 8.636332491671695
4000, 1032.3649883270264, 35.43535569824126
6000, 2383.1393241882324, 55.77679805183309
8000, 4220.3917026519775, 76.19914490959661
10000, 6523.949480056763, 92.84913065162968

const series
2000, 0.40001869201660156, 0.5477722866074999
4000, 0.6000518798828125, 0.5477932740899054
6000, 0.9471893310546875, 0.2619385043854067
8000, 1.3998985290527344, 0.5474653779940039
10000, 1.5999317169189453, 0.5472930966477992

