random series
2000, 18.67055892944336, 1.2903078806111372
4000, 38.344621658325195, 2.348873342139212
6000, 57.00974464416504, 3.0822147636954456
8000, 80.39488792419434, 5.134208777388944
10000, 99.98049736022949, 3.4372592952350645
12000, 123.9933967590332, 3.1927713748375552
14000, 142.02513694763184, 5.557174231983829
16000, 165.1444435119629, 11.056962518118937

rising series
2000, 181.3910961151123, 6.19826561484545
4000, 680.6571006774902, 12.497836086741305
6000, 1525.3411769866943, 15.4323731686329
8000, 2792.072296142578, 77.05018536895108
10000, 4587.568426132202, 108.90166250554668
12000, 6672.086000442505, 495.17267768570986
14000, 8564.409255981445, 137.6340581107576
16000, 11394.234609603882, 152.3500479198334

falling series
2000, 133.76917839050293, 14.109629627888463
4000, 487.80765533447266, 8.557581604931114
6000, 1059.173059463501, 22.178897354941206
8000, 1873.0108261108398, 32.851008613434836
10000, 2977.110004425049, 26.21474430744735
12000, 4313.500452041626, 8.822420543536502
14000, 5946.47912979126, 70.95880237192821
16000, 8075.897836685181, 229.13159297093628

const series
2000, 523.3941078186035, 14.891283302273122
4000, 2156.0561656951904, 142.6503312478134
6000, 4507.930374145508, 85.78656997221135
8000, 8474.811697006226, 638.5503551892725
10000, 12491.07632637024, 105.62953427545484
12000, 18854.42509651184, 573.5165670749271
14000, 25220.719003677368, 699.8570252657242
16000, 32262.589740753174, 694.1897725497992

