random series
20000, 86.49694919586182, 16.7073626962493
40000, 173.78792762756348, 7.427065305501834
60000, 254.7950029373169, 8.02433576147365
80000, 351.69546604156494, 4.791928724972027
100000, 454.5969486236572, 18.63079002895378
120000, 541.3825035095215, 18.20714777436136
140000, 642.3810482025146, 16.12893976453286
160000, 735.15944480896, 10.716229878093378

rising series
20000, 44.532227516174316, 2.048242759694644
40000, 101.66285037994385, 13.94098098174589
60000, 147.83446788787842, 11.25020220520857
80000, 193.69847774505615, 3.6690945398983654
100000, 244.13602352142334, 4.3876004800870145
120000, 311.3617181777954, 17.915732851810297
140000, 364.310097694397, 23.138390761592625
160000, 413.03439140319824, 6.124373226288203

falling series
20000, 67.19880104064941, 5.6586622274341405
40000, 133.39471817016602, 2.4300086208947174
60000, 208.3749771118164, 3.62360489801007
80000, 285.64813137054443, 4.193478314214649
100000, 365.46642780303955, 6.623623978781098
120000, 447.42438793182373, 13.198290457806218
140000, 522.7514505386353, 5.320436740742739
160000, 611.3349437713623, 12.490964415479727

const series
20000, 44.115304946899414, 2.602538564816079
40000, 90.7155990600586, 2.1435861387562656
60000, 143.01626682281494, 3.1380269923362465
80000, 195.59566974639893, 3.048884534352959
100000, 254.40032482147217, 13.01236137566724
120000, 297.0414876937866, 4.934575412392034
140000, 364.32573795318604, 11.000437437161695
160000, 418.160080909729, 15.394764429903187

