random series
2000, 34.229469299316406, 6.369650848668246
4000, 73.06723594665527, 13.740376060448543
6000, 99.96113777160645, 6.726991128092991
8000, 136.45081520080566, 11.1220529050524
10000, 193.67904663085938, 30.875854217691185

rising series
2000, 938.9875888824463, 8.193212877726065
4000, 3526.958227157593, 164.3234395811416
6000, 7553.713274002075, 76.49941719716645
8000, 13425.598859786987, 162.71730067582743
10000, 20503.202962875366, 484.97947687209074

falling series
2000, 831.9560527801514, 4.432117353374273
4000, 3377.958297729492, 341.2658907913932
6000, 7934.459972381592, 372.63086578902374
8000, 13612.521934509277, 1014.9131651482859
10000, 20122.590923309326, 159.49927738278828

const series
2000, 838.0804538726807, 16.21368500580842
4000, 3283.3720207214355, 47.18605068791417
6000, 7328.7726402282715, 68.19183100668798
8000, 12903.6292552948, 87.17584506510794
10000, 20590.553855895996, 236.99961690838552

