random series
2000, 268.6482906341553, 36.558807524942
4000, 1006.7493438720703, 21.68070009006834
6000, 2218.040704727173, 57.29088086292648
8000, 3945.435905456543, 96.24976153940757
10000, 6226.420259475708, 224.57170130821459

rising series
2000, 168.63808631896973, 30.763946826047444
4000, 587.0862007141113, 29.787567546927836
6000, 1355.510950088501, 56.714353651096225
8000, 2409.8066329956055, 50.94997880818632
10000, 3687.1625423431396, 82.06653883591193

falling series
2000, 162.30192184448242, 14.706375440703706
4000, 578.3619403839111, 27.407076299340584
6000, 1308.863639831543, 56.118316438336436
8000, 2314.8751735687256, 16.555810920909924
10000, 3894.800615310669, 113.19857554013007

const series
2000, 257.54289627075195, 23.75868304183953
4000, 955.6990623474121, 53.51684374283211
6000, 2199.338483810425, 47.636280081662456
8000, 3899.4189262390137, 98.38612621662116
10000, 6057.067394256592, 110.41553957639078

