random series
2000, 147.51484394073486, 4.71705704670804
4000, 582.0187091827393, 8.563340338757035
6000, 1301.9252300262451, 23.848543898778043
8000, 2526.6234397888184, 149.38959497838408
10000, 4043.583345413208, 218.43650149592898

rising series
2000, 162.78176307678223, 3.475193268771475
4000, 651.3185262680054, 25.53930531693971
6000, 1445.931053161621, 67.99464003217136
8000, 2562.5489234924316, 188.74907843950257
10000, 4062.5571489334106, 118.48455795919261

falling series
2000, 168.16670894622803, 10.427833803262272
4000, 643.6460018157959, 24.661301985805395
6000, 1483.5663557052612, 86.44704163580104
8000, 2621.126103401184, 51.989827512695726
10000, 4277.951598167419, 107.37402152261328

const series
2000, 164.22851085662842, 7.6760791062330815
4000, 662.1623039245605, 24.548913158985183
6000, 1447.0814943313599, 45.7842364589557
8000, 2642.1306848526, 74.73656062525903
10000, 4071.762442588806, 133.33489376548224

