random series
100000, 29.48298454284668, 3.563063398465334
200000, 68.81170272827148, 3.4854885251474643
300000, 97.27177619934082, 1.957726313219912
400000, 140.7536506652832, 8.188067428777806
500000, 177.01787948608398, 3.371005417792709
600000, 218.19629669189453, 5.616938483802742
700000, 256.3527584075928, 2.3963254359047044
800000, 309.3362808227539, 10.221590546307187
900000, 349.6800422668457, 5.400067318214114
1000000, 393.93348693847656, 1.7337094769084282

rising series
100000, 0.5270957946777344, 0.497971731138998
200000, 2.817201614379883, 0.4332328136551735
300000, 3.8149356842041016, 0.4562479807141249
400000, 5.613183975219727, 0.5559758601909055
500000, 8.522748947143555, 1.39306417042246
600000, 8.863401412963867, 0.47268710799483266
700000, 15.340137481689453, 3.969920527040352
800000, 12.410783767700195, 0.5758234811893125
900000, 14.849519729614258, 0.5176529288270484
1000000, 15.973567962646484, 1.1439803681065608

falling series
100000, 1.0001182556152344, 0.0004264961199760036
200000, 3.4637928009033203, 1.2086070773753983
300000, 4.219818115234375, 0.42831947171092205
400000, 6.560754776000977, 0.44304001833121265
500000, 9.058237075805664, 1.2588845617641202
600000, 10.978174209594727, 1.7307937543344614
700000, 12.473011016845703, 1.7451261583506992
800000, 13.83671760559082, 1.0742703667844304
900000, 15.390157699584961, 0.9973096043765864
1000000, 19.306564331054688, 1.2182527377624084

const series
100000, 0.7456302642822266, 0.9413179706844149
200000, 1.9287109375, 0.5360003509328838
300000, 3.0310630798339844, 0.6508300658645494
400000, 3.8587093353271484, 0.2591053658222845
500000, 4.9739837646484375, 0.25767790966560117
600000, 6.398916244506836, 0.6689208105518606
700000, 7.941865921020508, 1.920109237891899
800000, 9.218692779541016, 1.0322961037525544
900000, 9.873437881469727, 1.9121647053521629
1000000, 11.708879470825195, 1.6035509941047148

